[1783472671.163824972] 
[1783472672.322793086] 
[1783472672.717723225] 
[1783472673.195370784] 
[1783472674.380953414] 
[1783472675.544416690] 
[1783472675.942586551] 
[1783472676.412832289] 
[1783472677.601063196] 
[1783472678.758142537] 
[1783472679.168945673] 
[1783472679.632698816] 
[1783472680.816999805] 
[1783472681.973704394] 
[1783472682.391993823] 
[1783472682.848607771] 
[1783472684.030118343] 
[1783472685.120608435] 
[1783472685.615992713] 
[1783472686.062893034] 
[1783472687.244883603] 
[1783472688.310857558] 
[1783472688.830362428] 
[1783472689.275924841] 
[1783472690.446510764] 
[1783472691.514986472] 
[1783472692.043458003] 
[1783472692.489335478] 
[1783472693.660568124] 
[1783472694.737303777] 
[1783472695.255213722] 
[1783472695.701629124] 
[1783472696.874177047] 
[1783472697.931236664] 
[1783472698.466645511] 
[1783472698.913505282] 
[1783472700.064667994] 
[1783472701.152010155] 
[1783472701.679778994] 
[1783472702.125127204] 
[1783472703.278705677] 
[1783472704.294657248] 
[1783472704.891733014] 
[1783472705.336997056] 
[1783472706.428263943] 
[1783472707.485164461] 
[1783472708.104941527] 
[1783472708.549272344] 
[1783472709.612069502] 
[1783472710.683039077] 
[1783472711.316814710] 
[1783472711.736665182] 
[1783472712.818928261] 
[1783472713.876923786] 
[1783472714.529794514] 
[1783472714.943904573] 
[1783472716.031227255] 
[1783472717.073930833] 
[1783472717.741228083] 
[1783472718.158823594] 
[1783472719.241486067] 
[1783472720.286177352] 
[1783472720.953780563] 
[1783472721.371401433] 
[1783472722.425888969] 
[1783472723.498767814] 
[1783472724.166781969] 
[1783472724.558204206] 
[1783472725.640572032] 
[1783472726.686255274] 
[1783472727.380077393] 
[1783472727.770142712] 
[1783472728.822802188] 
[1783472729.900034932] 
[1783472730.593345637] 
[1783472730.953084794] 
[1783472732.034872116] 
[1783472733.092037092] 
[1783472733.805107713] 
[1783472734.164500199] 
[1783472735.217592651] 
[1783472736.296024722] 
[1783472737.018136016] 
[1783472737.349195917] 
[1783472738.427903357] 
[1783472739.505658412] 
[1783472740.231370771] 
[1783472740.560961339] 
[1783472741.630066834] 
[1783472742.692158541] 
[1783472743.444185007] 
[1783472743.774775103] 
[1783472744.815218956] 
[1783472745.904601327] 
[1783472746.656973151] 
[1783472746.947415250] 
[1783472748.029237714] 
[1783472749.071932712] 
[1783472749.869022685] 
[1783472750.155879151] 
[1783472751.198882533] 
[1783472752.282064481] 
[1783472753.080463285] 
[1783472753.323588726] 
[1783472754.412723652] 
[1783472755.470462686] 
[1783472756.293807626] 
[1783472756.535563982] 
[1783472757.600309356] 
[1783472758.617711138] 
[1783472759.507502686] 
[1783472760.749362321] 
[1783472761.845414683] 
[1783472762.726888753] 
[1783472763.964177414] 
[1783472765.054469061] 
[1783472765.946806131] 
[1783472767.172605655] 
[1783472768.274305720] 
[1783472769.170236994] 
[1783472770.385699930] 
[1783472771.506474411] 
[1783472772.388323050] 
[1783472773.598568381] 
[1783472774.709224220] 
[1783472775.606912264] 
[1783472776.813879644] 
[1783472777.933099826] 
[1783472778.823829466] 
[1783472780.028058962] 
[1783472781.160393380] 
[1783472782.040292038] 
[1783472783.246013995] 
[1783472784.361796664] 
[1783472785.258956132] 
[1783472786.461392716] 
[1783472787.584929252] 
[1783472788.476752259] 
[1783472789.677312374] 
[1783472790.806944825] 
[1783472791.695476721] 
[1783472792.895833774] 
[1783472794.022175313] 
[1783472794.913681722] 
[1783472796.112874802] 
[1783472797.234297629] 
[1783472798.129049029] 
[1783472799.328195294] 
[1783472800.461937609] 
[1783472801.345731730] 
[1783472802.547313964] 
[1783472803.677357259] 
[1783472804.564523556] 
[1783472805.764127660] 
[1783472806.893463980] 
[1783472807.782438723] 
[1783472808.979207967] 
[1783472810.113702559] 
[1783472810.998655453] 
[1783472812.192479643] 
[1783472813.328181261] 
[1783472814.215809045] 
[1783472815.407054449] 
[1783472816.544861021] 
[1783472817.430889927] 
[1783472818.621860644] 
[1783472819.758689633] 
[1783472820.646720395] 
[1783472821.838494749] 
[1783472822.973329592] 
[1783472823.863405918] 
[1783472825.055200714] 
[1783472826.194195876] 
[1783472827.079658889] 
[1783472828.270852609] 
[1783472829.406928190] 
[1783472830.294672965] 
[1783472831.485578005] 
[1783472832.622937860] 
[1783472833.510729904] 
[1783472834.699254744] 
[1783472835.841598863] 
[1783472836.727747533] 
[1783472837.913967472] 
[1783472839.053896794] 
[1783472839.942897546] 
[1783472841.129911076] 
[1783472842.266512708] 
[1783472843.159992332] 
[1783472844.345967113] 
[1783472845.490875460] 
[1783472846.378790714] 
[1783472847.561524114] 
[1783472848.703756365] 
[1783472849.592961600] 
[1783472850.778732123] 
[1783472851.916513823] 
[1783472852.807412774] 
[1783472853.995663005] 
[1783472855.131045862] 
[1783472856.025384256] 
[1783472857.210930753] 
[1783472858.351341027] 
[1783472859.241344069] 
[1783472860.426367209] 
[1783472861.572796281] 
[1783472862.458843690] 
[1783472863.642038161] 
[1783472864.793183735] 
[1783472865.676837585] 
[1783472866.858741573] 
[1783472868.004160102] 
[1783472868.893439183] 
[1783472870.072581684] 
[1783472871.221447303] 
[1783472872.109701285] 
[1783472873.288905261] 
[1783472874.439102594] 
[1783472875.324720600] 
[1783472876.505380137] 
[1783472877.649961595] 
[1783472878.542014891] 
[1783472879.721828750] 
[1783472880.870199714] 
[1783472881.757625032] 
[1783472882.937469814] 
[1783472884.084490540] 
[1783472884.973224947] 
[1783472886.152502010] 
[1783472887.305698554] 
[1783472888.190887490] 
[1783472889.368449535] 
[1783472890.516844997] 
[1783472891.406977490] 
[1783472892.583275094] 
[1783472893.732887188] 
[1783472894.622382072] 
[1783472895.798873255] 
[1783472896.950549154] 
[1783472897.838363882] 
[1783472899.018137017] 
[1783472900.163793248] 
[1783472901.054377077] 
[1783472902.234166814] 
[1783472903.379373981] 
[1783472904.270265255] 
[1783472905.450136597] 
[1783472906.600822356] 
[1783472907.485872839] 
[1783472908.664590991] 
[1783472909.810870028] 
[1783472910.703336556] 
[1783472911.881919950] 
[1783472913.028651408] 
[1783472913.920686659] 
[1783472915.097605871] 
[1783472916.242709577] 
[1783472917.135990671] 
[1783472918.313549429] 
[1783472919.467374798] 
[1783472920.351606541] 
[1783472921.529604794] 
[1783472922.679172682] 
[1783472923.567181801] 
[1783472924.746633392] 
[1783472925.894859118] 
[1783472926.784063285] 
[1783472927.961207912] 
[1783472929.107052091] 
[1783472930.000549283] 
[1783472931.178764502] 
[1783472932.328720836] 
[1783472933.217117935] 
[1783472934.392351010] 
[1783472935.545315057] 
[1783472936.433017356] 
[1783472937.609047850] 
[1783472938.759902908] 
[1783472939.651038902] 
[1783472940.824692290] 
[1783472941.973520549] 
[1783472942.866669365] 
[1783472944.041382536] 
[1783472945.196916345] 
[1783472946.082440492] 
[1783472947.257522698] 
[1783472948.406030935] 
[1783472949.298045966] 
[1783472950.474219014] 
[1783472951.631996585] 
[1783472952.514288078] 
[1783472953.691186946] 
[1783472954.841058274] 
[1783472955.731657585] 
[1783472956.906852068] 
[1783472958.060791976] 
[1783472958.947147231] 
[1783472960.122887241] 
[1783472961.274377515] 
[1783472962.163986292] 
[1783472963.340380928] 
[1783472964.491977587] 
[1783472965.381803925] 
[1783472966.555479414] 
[1783472967.709752421] 
[1783472968.597890557] 
[1783472969.771523904] 
[1783472970.925609140] 
[1783472971.816980276] 
[1783472972.987031573] 
[1783472974.146500702] 
[1783472975.033029493] 
[1783472976.205065497] 
[1783472977.360302333] 
[1783472978.251478945] 
[1783472979.419935325] 
[1783472980.577027772] 
[1783472981.469244564] 
[1783472982.636145427] 
[1783472983.794060593] 
[1783472984.685162680] 
[1783472985.853999648] 
[1783472987.016221668] 
[1783472987.901076818] 
[1783472989.070195224] 
[1783472990.224139826] 
[1783472991.116633019] 
[1783472992.284334663] 
[1783472993.448880618] 
[1783472994.334630922] 
[1783472995.499883467] 
[1783472996.661192251] 
[1783472997.552411189] 
[1783472998.716557488] 
[1783472999.879221853] 
[1783473000.771853699] 
[1783473001.932019307] 
[1783473003.097373639] 
[1783473003.987461142] 
[1783473005.146757196] 
[1783473006.314138962] 
[1783473007.204061912] 
[1783473008.361884423] 
[1783473009.526192679] 
[1783473010.419428309] 
[1783473011.577978801] 
[1783473012.741387861] 
[1783473013.636669684] 
[1783473014.794296748] 
[1783473015.964697818] 
[1783473016.853567902] 
[1783473018.012233452] 
[1783473019.181227217] 
[1783473020.068844236] 
[1783473021.229549053] 
[1783473022.393313795] 
[1783473023.285279157] 
[1783473024.444774288] 
[1783473025.612444795] 
[1783473026.503051210] 
[1783473027.661379151] 
[1783473028.833308222] 
[1783473029.723663437] 
[1783473030.877201596] 
[1783473032.054409851] 
[1783473032.941687230] 
[1783473034.092575727] 
[1783473035.263663317] 
[1783473036.158607277] 
[1783473037.309769763] 
[1783473038.482605771] 
[1783473039.375874651] 
[1783473040.528079199] 
[1783473041.699408758] 
[1783473042.593405548] 
[1783473043.743533129] 
[1783473044.917812949] 
[1783473045.807459292] 
[1783473046.959537845] 
[1783473048.136619271] 
[1783473049.021157553] 
[1783473050.176009060] 
[1783473051.347957861] 
[1783473052.235215356] 
[1783473053.389523828] 
[1783473054.569489593] 
[1783473055.451639512] 
[1783473056.606125388] 
[1783473057.772501542] 
[1783473058.668073054] 
[1783473059.823155280] 
[1783473060.993077150] 
[1783473061.884180340] 
[1783473063.035972050] 
