[1783484880.357744791] 
[1783484881.499837698] 
[1783484883.568982403] 
[1783484884.713426663] 
[1783484886.781664947] 
[1783484887.924098987] 
[1783484889.993170280] 
[1783484891.134420554] 
[1783484893.204973113] 
[1783484894.344647335] 
[1783484896.417720300] 
[1783484897.555119541] 
[1783484899.628722683] 
[1783484900.766741171] 
[1783484902.839670775] 
[1783484903.978263701] 
[1783484906.051501207] 
[1783484907.190004935] 
[1783484909.263541308] 
[1783484910.401497619] 
[1783484912.474131859] 
[1783484913.612380721] 
[1783484915.685038372] 
[1783484916.822854569] 
[1783484918.896674570] 
[1783484920.033318181] 
[1783484922.107164627] 
[1783484923.244313764] 
[1783484925.316953661] 
[1783484926.455120972] 
[1783484928.527963966] 
[1783484929.666235331] 
[1783484931.738793790] 
[1783484932.876621987] 
[1783484934.950101795] 
[1783484936.088691681] 
[1783484938.161002935] 
[1783484939.300104172] 
[1783484941.371831039] 
[1783484942.510330356] 
[1783484944.582414158] 
[1783484945.722221706] 
[1783484947.793238435] 
[1783484948.932680204] 
[1783484951.003678414] 
[1783484952.144436477] 
[1783484954.213040567] 
[1783484955.353680249] 
[1783484957.423996469] 
[1783484958.565808156] 
[1783484960.634921167] 
[1783484961.776803838] 
[1783484963.845678127] 
[1783484964.987863846] 
[1783484967.056499723] 
[1783484968.198460347] 
[1783484970.268324301] 
[1783484971.408979332] 
[1783484973.478805328] 
[1783484974.619930923] 
[1783484976.689487969] 
[1783484977.830209628] 
[1783484979.900837811] 
[1783484981.039392858] 
[1783484983.112655188] 
[1783484984.251268012] 
[1783484986.323480815] 
[1783484987.459806979] 
[1783484989.536436209] 
[1783484990.670623015] 
[1783484992.748321399] 
[1783484993.882567441] 
[1783484995.958876862] 
[1783484997.092975017] 
[1783484999.168793248] 
[1783485000.302605742] 
[1783485002.380624252] 
[1783485003.513403866] 
[1783485005.590379303] 
[1783485006.725008185] 
[1783485008.801046250] 
[1783485009.936600563] 
[1783485012.011724495] 
[1783485013.145954949] 
[1783485015.222843235] 
[1783485016.357603989] 
[1783485018.434085480] 
[1783485019.568749350] 
[1783485021.644849892] 
[1783485022.779245363] 
[1783485024.856469048] 
[1783485025.989050206] 
[1783485028.068298704] 
[1783485029.199875271] 
[1783485031.280542394] 
[1783485032.411718928] 
[1783485034.491310498] 
[1783485035.623675882] 
[1783485037.701881050] 
[1783485038.835661603] 
[1783485040.912471050] 
[1783485042.045121494] 
[1783485044.123726010] 
[1783485045.258043594] 
[1783485047.335393304] 
[1783485048.468250863] 
[1783485050.548242643] 
[1783485051.679968950] 
[1783485053.761335805] 
[1783485054.890380797] 
[1783485056.973867267] 
[1783485058.100549352] 
[1783485060.185972595] 
[1783485061.311130186] 
[1783485063.397892563] 
[1783485064.522627545] 
[1783485066.618399736] 
[1783485067.733812651] 
[1783485069.830241877] 
[1783485070.943508881] 
[1783485073.040812950] 
[1783485074.154728697] 
[1783485076.252858439] 
[1783485077.365316435] 
[1783485079.463587871] 
[1783485080.576097963] 
[1783485082.674866541] 
[1783485083.786860656] 
[1783485085.886878111] 
[1783485086.997664311] 
[1783485089.097949224] 
[1783485090.209746334] 
[1783485092.309794321] 
[1783485093.420862627] 
[1783485095.520301898] 
[1783485096.631411016] 
[1783485098.729656047] 
[1783485099.842581934] 
[1783485101.940819234] 
[1783485103.053655271] 
[1783485105.151544188] 
[1783485106.262636932] 
[1783485108.363376597] 
[1783485109.474800070] 
[1783485111.574475941] 
[1783485112.687789452] 
[1783485114.785784958] 
[1783485115.899833989] 
[1783485117.999034172] 
[1783485119.111806000] 
[1783485121.210358287] 
[1783485122.323792502] 
[1783485124.419872232] 
[1783485125.533781507] 
[1783485127.631673775] 
[1783485128.746359897] 
[1783485130.843055976] 
[1783485131.957000066] 
[1783485134.054632689] 
[1783485135.170303508] 
[1783485137.266475623] 
[1783485138.380346823] 
[1783485140.476532855] 
[1783485141.592328013] 
[1783485143.687188301] 
[1783485144.802920097] 
[1783485146.897727335] 
[1783485148.013721079] 
[1783485150.109683248] 
[1783485151.224773257] 
[1783485153.320512936] 
[1783485154.437184346] 
[1783485156.531342012] 
[1783485157.647766229] 
[1783485159.743103518] 
[1783485160.857920851] 
[1783485162.952900448] 
[1783485164.068746842] 
[1783485166.162324374] 
[1783485167.279750605] 
[1783485169.373657491] 
[1783485170.490755913] 
[1783485172.585271976] 
[1783485173.701241887] 
[1783485175.797965567] 
[1783485176.910002425] 
[1783485179.010044305] 
[1783485180.122239742] 
[1783485182.221214335] 
[1783485183.333809319] 
[1783485185.430865190] 
[1783485186.546072815] 
[1783485188.641821329] 
[1783485189.756467852] 
[1783485191.854333946] 
[1783485192.965835385] 
[1783485195.063045514] 
[1783485196.176737428] 
[1783485198.272985938] 
[1783485199.387815263] 
[1783485201.485541941] 
[1783485202.598776146] 
[1783485204.695967646] 
[1783485205.809941745] 
[1783485207.907913876] 
[1783485209.021926771] 
[1783485211.118748835] 
[1783485212.233004518] 
[1783485214.330455180] 
[1783485215.444988360] 
[1783485217.540435504] 
[1783485218.656999069] 
[1783485220.751822152] 
[1783485221.866755977] 
[1783485223.963003805] 
[1783485225.078803530] 
[1783485227.173865020] 
[1783485228.290819786] 
[1783485230.384807106] 
[1783485231.501655310] 
[1783485233.595896957] 
[1783485234.711485011] 
[1783485236.807020708] 
[1783485237.922276908] 
[1783485240.016740924] 
[1783485241.134147560] 
[1783485243.227841227] 
[1783485244.344890009] 
[1783485246.438006693] 
[1783485247.555791594] 
[1783485249.649135422] 
[1783485250.766769839] 
[1783485252.860828273] 
[1783485253.978878729] 
[1783485256.070952520] 
[1783485257.191376595] 
[1783485259.282314406] 
[1783485260.402287759] 
[1783485262.492760152] 
[1783485263.611450822] 
[1783485265.704448465] 
[1783485266.822718679] 
[1783485268.916399442] 
[1783485270.034007980] 
[1783485272.128125265] 
[1783485273.243825540] 
[1783485275.339432861] 
[1783485276.456046426] 
[1783485278.550329833] 
[1783485279.667279400] 
[1783485281.762135984] 
[1783485282.877617894] 
[1783485284.973775521] 
[1783485286.086640238] 
[1783485288.185455286] 
[1783485289.296641531] 
[1783485291.397031263] 
[1783485292.507067079] 
[1783485294.610237898] 
[1783485295.718874689] 
[1783485297.821232488] 
[1783485298.929925027] 
[1783485301.031822725] 
[1783485302.138437476] 
[1783485304.240877390] 
[1783485305.350706968] 
[1783485307.453102957] 
[1783485308.561372715] 
[1783485310.665350998] 
[1783485311.771559541] 
[1783485313.875792397] 
[1783485314.981691048] 
[1783485317.086824332] 
[1783485318.192885439] 
[1783485320.298751960] 
[1783485321.403736933] 
[1783485323.508512309] 
[1783485324.614256751] 
[1783485326.718734977] 
[1783485327.826164451] 
[1783485329.930825179] 
[1783485331.036618513] 
[1783485333.141186294] 
[1783485334.247534967] 
[1783485336.353972465] 
[1783485337.458816861] 
[1783485339.566369218] 
[1783485340.670804207] 
[1783485342.776796656] 
[1783485343.880549690] 
[1783485345.988769650] 
[1783485347.092333191] 
[1783485349.199851996] 
[1783485350.303248069] 
[1783485352.411571352] 
[1783485353.514316193] 
[1783485355.623696734] 
[1783485356.724104873] 
[1783485358.836090417] 
[1783485359.934805177] 
[1783485362.047856166] 
[1783485363.146325429] 
[1783485365.258576885] 
[1783485366.357094536] 
[1783485368.470827645] 
[1783485369.565926740] 
[1783485371.682724629] 
[1783485372.776712443] 
[1783485374.891734442] 
[1783485375.985807734] 
[1783485378.101936316] 
[1783485379.196672469] 
[1783485381.313226090] 
[1783485382.407551834] 
[1783485384.525420852] 
[1783485385.617162514] 
[1783485387.733829381] 
[1783485388.826809248] 
[1783485390.942349451] 
[1783485392.038889992] 
[1783485394.151413479] 
[1783485395.248720600] 
[1783485397.360246944] 
[1783485398.460544683] 
[1783485400.569291342] 
[1783485401.672528723] 
[1783485403.780694500] 
[1783485404.882265828] 
[1783485406.991051236] 
[1783485408.093836675] 
[1783485410.202490218] 
[1783485411.303685805] 
[1783485413.414179775] 
[1783485414.515669027] 
[1783485416.624713554] 
[1783485417.727878972] 
[1783485419.836987915] 
[1783485420.939490651] 
[1783485423.048642610] 
[1783485424.149558076] 
[1783485426.261236633] 
[1783485427.360404903] 
[1783485429.471494488] 
[1783485430.573388240] 
[1783485432.684452929] 
[1783485433.784271601] 
[1783485435.893749128] 
[1783485436.994727440] 
[1783485439.103394281] 
[1783485440.205683870] 
[1783485442.316531306] 
[1783485443.416582476] 
[1783485445.527892453] 
[1783485446.627883592] 
[1783485448.741403483] 
[1783485449.837204132] 
[1783485451.950535678] 
[1783485453.048807391] 
[1783485455.160558227] 
[1783485456.257464255] 
[1783485458.369788286] 
[1783485459.467714312] 
[1783485461.580894467] 
[1783485462.679471508] 
[1783485464.794075633] 
[1783485465.889650949] 
[1783485468.005912055] 
[1783485469.101405095] 
[1783485471.219526064] 
[1783485472.312793864] 
[1783485474.430721260] 
[1783485475.524657506] 
[1783485477.641383778] 
[1783485478.734990567] 
[1783485480.851048749] 
[1783485481.945439282] 
[1783485484.062348033] 
[1783485485.157340542] 
[1783485487.273134148] 
[1783485488.367983020] 
[1783485490.485721949] 
[1783485491.578601895] 
[1783485493.696480907] 
[1783485494.791455559] 
[1783485496.905831474] 
[1783485498.000490031] 
[1783485500.114330826] 
[1783485501.209898165] 
[1783485503.324248632] 
[1783485504.420483503] 
[1783485506.534861030] 
[1783485507.632684624] 
[1783485509.745118890] 
[1783485510.844134266] 
[1783485512.954520682] 
[1783485514.056563392] 
[1783485516.170705234] 
[1783485517.266658894] 
[1783485519.381587158] 
[1783485520.476353979] 
[1783485522.594024174] 
[1783485523.686689068] 
[1783485525.802544896] 
[1783485526.897599938] 
[1783485529.013918479] 
[1783485530.109493518] 
[1783485532.226209208] 
[1783485533.320459150] 
[1783485535.437911712] 
[1783485536.531353546] 
[1783485538.648350985] 
[1783485539.742817048] 
[1783485541.855760554] 
[1783485542.952651087] 
[1783485545.065818563] 
[1783485546.162038422] 
[1783485548.276833040] 
[1783485549.373058743] 
[1783485551.488666136] 
[1783485552.583609709] 
[1783485554.700828697] 
[1783485555.794691956] 
[1783485557.911347554] 
[1783485559.005614682] 
[1783485561.121891181] 
[1783485562.215253587] 
[1783485564.333686369] 
[1783485565.425801802] 
[1783485567.539711377] 
[1783485568.636303763] 
[1783485570.752772850] 
[1783485571.847121984] 
[1783485573.963342346] 
[1783485575.056964522] 
[1783485577.172543211] 
[1783485578.269333046] 
[1783485580.382965582] 
[1783485584.412443989] 
[1783485587.622884931] 
[1783485590.832753539] 
[1783485594.042513603] 
[1783485597.251804930] 
[1783485600.461885111] 
[1783485603.671283319] 
[1783485606.881079722] 
[1783485610.089660299] 
[1783485613.299466143] 
[1783485616.510198979] 
[1783485619.719567989] 
[1783485622.930683318] 
[1783485626.141700577] 
